0, 10000, 10000, Hus 1
1, 1, 1, 2, 1, 1, 1, 1, 1
2, 2, 2, 2, 1, 1, 1, 1, 1
2, 4, 4, 4, 4, 45, 4, 4, 1
2, 5, 8, 8, 8, 8, 8, 11, 1
2, 6, 9, 14, 9, 0, 9, 12, 1
2, 6, 9, 9, 9, 9, 9, 12, 1
2, 7, 0, 10, 3, 10, 0, 13, 1
2, 1, 1, 80, 2, 56, 1, 1, 1
2, 2, 2, 2, 2, 2, 2, 2, 2

2, 10000, 10000, Hus 1 innside 1ETG
17, 19, 20, 22, 47, 48, 50, 21, 17
17, 15, 15, 23, 46, 49, 49, 46, 17
17, 122,123,121,46, 46, 46, 46, 17
17, 121,121,15, 17, 17, 17, 17, 17
17, 51, 51, 15, 19, 116,20, 21, 29
17, 52, 53, 15, 15, 117,15, 15, 15
17, 15, 15, 15, 15, 15, 15, 15, 15
17, 17, 31, 17, 16, 17, 17, 17, 17
17, 17, 17, 17, 17, 17, 17, 17, 17

3, 10000, 10000, Hus 1 innside 2ETG
17, 17, 17, 17, 17, 17, 17, 17, 17,
17, 19, 75, 50, 78, 47, 50, 21, 17
17, 15, 74, 76, 79, 15, 76, 15, 17
17, 15, 15, 15, 15, 52, 53, 15, 33
17, 51, 77, 51, 59, 15, 15, 15, 15
17, 15, 15, 15, 15, 15, 15, 59, 30
17, 15, 52, 53, 15, 52, 53, 15, 17
17, 15, 15, 15, 15, 15, 15, 15, 17
17, 17, 17, 17, 17, 17, 17, 17, 17

0, 10000, 10001, Hus 2
1, 1, 1, 1, 1, 1, 1, 1, 2
1, 1, 1, 1, 1, 1, 4, 4, 2
1, 1, 4, 45, 4, 4, 5, 11, 2
1, 1, 5, 8, 8, 8, 8, 11, 2
1, 1, 6, 0,0, 9, 14, 12, 2
1, 1, 6, 9, 9, 9, 9, 12, 2
1, 1, 7, 10,3, 10,14, 13, 2
1, 1, 1, 1,58 , 80, 55, 1, 2
2, 2, 2, 2, 2, 2, 2, 2, 2

2, 10000, 10001, Hus 2 innside 1ETG
17, 17, 22, 20, 116,50, 48, 50, 21
17, 17, 23, 15, 117,49, 49, 49, 46
17, 17, 52, 53, 15, 46, 46, 46, 46
17, 17, 17, 15, 17, 17, 17, 17, 17
17, 17, 33, 15, 19, 47, 20, 21, 29
17, 17, 15, 15, 15, 52, 53, 15, 15
17, 17, 15, 51, 15, 15, 15, 15, 15
17, 17, 31, 17, 16, 17, 17, 17, 17
17, 17, 17, 17, 17, 17, 17, 17, 17

3, 10000, 10001, Hus 2 innside 2ETG
17, 17, 17, 17, 17, 17, 17, 17, 17,
17, 19, 47, 50, 50, 47, 20, 21, 17
17, 94, 96, 76, 76, 15, 15, 15, 17
17, 100,102,15, 15, 94, 95, 96, 33
17, 51, 51, 15, 15, 100,101,102,15
17, 15, 15, 15, 15, 17, 17, 17, 30
17, 51, 51, 52, 53, 19, 75, 50, 17
17, 15, 15, 15, 15, 15, 74, 76, 17
17, 17, 17, 17, 17, 17, 17, 17, 17

0, 10001, 10000, Hus 3
1, 1, 1, 1, 129, 129, 129, 129, 129
1, 1, 1, 1, 1, 1, 1, 1, 1 
1, 4, 4, 45, 4, 4, 1, 1, 1 
1, 5, 8, 8, 8, 11,1, 1, 1 
1, 6, 0, 9, 9, 12,1,1, 1 
1, 6, 9,9,3, 12,1,1, 1
44, 62, 62, 62, 58, 62, 44, 1, 1
55, 44, 44, 44, 2, 80, 55, 1, 1 
2, 2, 2, 2, 2, 2, 1, 1, 1

2, 10001, 10000, Hus 3 innside
17, 19, 20, 20, 50, 20, 20, 20, 21
17, 51, 15, 51, 76, 81, 15, 15, 51
17, 15, 77, 15, 51, 77, 77, 52, 53
17, 15, 15, 52, 53, 15, 15, 51, 15
17, 15, 77, 51, 51, 51, 15, 51, 15
17, 15, 52, 53, 15, 51, 15, 15, 15
17, 17, 17, 17, 16, 17, 17, 17, 17
17, 17, 17, 17, 17, 17, 17, 17, 17
17, 17, 17, 17, 17, 17, 17, 17, 17

0, 10001, 10001, Dam or pond idk
1, 1, 1, 1, 2, 1, 1, 1, 1
1, 1, 55,55,2, 1,1,1, 1
1, 1, 62,58, 58,58,62,56,1
44, 1, 58, 57,90,57,58,1,1 
2,2, 58,90,91,90,58,1, 1
1, 1, 58, 57,90,57,58, 1, 1
1, 56,62, 58, 58,58 ,62,1, 1 
1, 56,56,1, 44,1, 1, 1, 1
1, 1, 1, 1, 1, 1, 1, 1, 1

0, 10000, 9997, Grass path to keep
0, 10000, 9995
0, 10014, 9966
1, 1, 1, 1, 2, 1, 1, 1, 1,
24, 1, 1, 1, 62,1, 1, 56, 24,
1, 1, 44, 2, 1, 1, 1, 1, 1,
56,1, 1, 1, 1, 62,1, 1, 1,
1, 24, 62,1, 2, 1, 1, 24, 1,
24, 1, 1, 1, 1, 1, 1, 1, 24,
1, 55, 1, 2, 1, 62,1, 1, 24,
1, 1, 1, 1, 1, 2, 1, 1, 24,
24, 1, 1, 62,1, 1, 1, 1, 1


0, 10000, 9994
1, 1, 1, 1, 2, 1, 128, 1, 1,
24, 1, 1, 1, 62,1, 128, 56, 24,
1, 1, 44, 2, 1, 1, 128, 1, 1,
56,1, 1, 1, 1, 62,129, 129, 129,
1, 24, 62,1, 2, 1, 1, 24, 1,
24, 1, 1, 1, 1, 1, 1, 1, 24,
1, 55, 1, 2, 1, 62,1, 1, 24,
1, 1, 1, 1, 1, 2, 1, 1, 24,
24, 1, 1, 62,1, 1, 1, 1, 1

0, 10000, 9996, Grass path to keep variation
24, 1, 1, 1, 2, 1, 1, 1, 1,
24, 1, 1, 1, 62,1, 1, 1, 24,
1, 1, 44, 2, 1, 1, 1, 55, 55,
24,1, 1, 1, 1, 1,62, 1, 55,
1, 1, 1,1, 2, 62, 1, 24, 1,
1, 1, 1, 1, 1, 1, 1, 44, 24,
24, 56, 1, 2, 1, 62,1, 1, 24,
1, 56, 56, 1, 1, 2, 1, 1, 24,
1, 24, 1, 62,1, 2, 1, 1, 1

0, 10000, 9998, Grass path to keep variation
24, 1, 1, 1, 2, 1, 1, 1, 1,
24, 1, 1, 1, 62,1, 1, 1, 24,
1, 1, 44, 2, 1, 1, 1, 55, 55,
57, 57, 57, 57, 90, 57,  57, 57, 57
57, 57, 57, 57, 91, 57, 57, 57, 57
57, 57, 57, 57, 90, 57,  57, 57, 57
24, 56, 1, 2, 1, 62,1, 1, 24,
1, 56, 56, 1, 1, 2, 1, 1, 24,
1, 24, 1, 62,1, 2, 1, 1, 1

0, 10000, 9993, Wall into keep
61, 61, 60, 58, 58, 58, 60, 61, 61,
64, 65, 66, 58, 58, 58, 64, 65, 66,
67, 68, 69, 58, 58, 58, 67, 68, 69,
67, 68, 69, 58, 58, 58, 67, 68, 69,
70, 71, 72, 58, 58, 58, 70, 71, 72,
27, 27, 28, 15, 15, 15, 26, 27, 27,
57, 57, 57, 15, 15, 15, 57, 57, 57,
57, 57, 57, 15, 15, 15, 57, 57, 57,
44, 2,  63, 15, 15, 15, 128,2,  44

0, 10000, 9999, Grass wall with enterance to underground
1, 1, 1, 1, 1, 1, 1, 1, 1,
1, 1, 1, 1, 1, 1, 1, 1, 1,
1, 1, 1, 1, 1, 1, 1, 1, 1,
1, 1, 1, 1, 1, 1, 1, 1, 1,
1, 1,   1,   1,  24, 2, 24, 1, 1,
24, 24, 44, 24, 24, 2, 24, 24, 24,
35, 35, 40, 35, 36, 2, 34, 35, 35,
1, 1, 1, 1, 1, 2, 1, 1, 1,
1, 1, 1, 2, 2, 2, 2, 2, 1

0, 10000, 10002, Grass wall with enterance to underground top
1, 1, 1, 1, 1, 1, 1, 1, 1,
1, 1, 1, 1, 1, 1, 1, 1, 1,
39, 39, 41, 39, 39, 39, 39, 39, 39,
1, 1, 24, 1, 1, 1, 1, 1, 1,
1, 1, 1, 1, 1, 1, 1, 1, 1,
1, 1, 1, 1, 1, 1, 1, 1, 1,
1, 1, 1, 1, 1, 1, 1, 1, 1,            
1, 1, 1, 1, 1, 1, 1, 1, 1,
1, 1, 1, 1, 1, 1, 1, 1, 1

0, 9997, 9991, Just grass
0, 10003, 9991
0, 10003, 9990
0, 10001, 9989
0, 10002, 9989
0, 10000, 9989
0, 9997, 9990
0, 9997, 9989
0, 9997, 9988
0, 9997, 9987
0, 9997, 9986
0, 9997, 9985
0, 9997, 9984
0, 9997, 9983
0, 9997, 9982
0, 9997, 9981
0, 9998, 9990
0, 9998, 9989
0, 9998, 9988
0, 9998, 9987
0, 9998, 9986
0, 9998, 9985
0, 9998, 9984
0, 9998, 9983
0, 9998, 9982
0, 9998, 9981
0, 9999, 9988
0, 9999, 9987
0, 9999, 9986
0, 9999, 9985
0, 9999, 9984
0, 9999, 9983
0, 9999, 9982
0, 9999, 9981
0, 10000, 9989
0, 10000, 9988
0, 10000, 9987
0, 10000, 9986
0, 10000, 9985
0, 10001, 9990
0, 10001, 9989
0, 10001, 9988
0, 10001, 9987
0, 10001, 9986
0, 10001, 9985
0, 10001, 9983
0, 10001, 9982
0, 10001, 9981
0, 10002, 9990
0, 10002, 9989
0, 10002, 9988
0, 10002, 9987
0, 10002, 9986
0, 10002, 9985
0, 10002, 9983
0, 10002, 9982
0, 10002, 9981
0, 10003, 9990
0, 10003, 9989
0, 10003, 9987
0, 10003, 9986
0, 10003, 9985
0, 10003, 9983
0, 10003, 9982
1, 1, 1, 62,1, 1, 1, 1, 1,
1, 24,1, 1, 24,1, 1, 44,1,
1, 1, 1, 1, 1, 1, 1, 1, 1,
1, 1, 44,1, 1, 62,1, 1, 24
1, 1, 1, 1, 1, 1, 1, 1, 1,
1, 1, 62,1, 1, 1, 24,1, 1,
44,1, 1, 1, 24,1, 1, 1, 1
1, 1, 1, 1, 1, 1, 1, 44,1
1, 24,1, 1, 1, 1, 1, 1, 1


0, 9999, 9990
0, 9999, 9989
1, 1, 1, 62,2, 1, 1, 1, 1,
1, 24,1, 1, 2,1, 1, 44,1,
1, 1, 1, 1, 2, 1, 1, 1, 1,
1, 1, 44,1, 2, 62,1, 1, 24
1, 1, 1, 1, 2, 1, 1, 1, 1,
1, 1, 62,1, 2, 1, 24,1, 1,
44,1, 1, 1, 2,1, 1, 1, 1
1, 1, 1, 1, 2, 1, 1, 44,1
1, 24,1, 1, 2, 1, 1, 1, 1

0, 9999, 9991
1, 1, 1, 62,2, 1, 1, 1, 1,
1, 24,1, 1, 2,1, 1, 44,1,
1, 1, 1, 1, 2, 1, 1, 1, 1,
1, 1, 44,1, 2, 62,1, 1, 24
1, 1, 1, 1, 2, 1, 1, 1, 1,
1, 1, 62,1, 2, 1, 24,1, 1,
44,1, 1, 1, 2,1, 1, 1, 1
1, 1, 1, 1, 2, 1, 1, 44,1
1, 24,1, 1, 2, 80, 1, 1, 1

0, 10001, 9999, Grass wall top
1, 1, 1, 1, 1, 1, 1, 1, 1
1, 1, 1, 1, 130, 130, 130, 130, 130
1, 1, 1, 1, 128, 1, 1, 1, 1
1, 1, 1, 1, 128, 1, 1, 1, 1
1, 1, 1, 1, 128, 1, 1, 1, 1
24, 24, 24, 24, 128, 24, 24, 24, 24
35, 35, 35, 35, 127, 35, 35, 35, 35
1, 1, 1, 1, 128, 1, 1, 1, 1
1, 1, 1, 1, 128, 1, 1, 1, 1

0, 9999, 9999, Grass wall left corner
1, 1, 1, 1, 1, 1, 1, 1, 1
1, 1, 1, 1, 1, 1, 1, 1, 1
1, 1, 1, 1, 1, 1, 1, 1, 1
1, 1, 1, 1, 1, 1, 1, 1, 1
1, 1, 1, 1, 1, 1, 1, 1, 1
1, 1, 1, 1, 1, 1, 24, 24, 24
1, 1, 1, 1, 1, 37, 35, 35, 35        
1, 1, 1, 1, 1, 37, 1, 1, 1
1, 1, 1, 1, 1, 37, 1, 1, 1

0, 10002, 9999, Grass wall right corner
1, 1, 1, 1, 1, 1, 1, 1, 1,
130, 130, 130, 130, 130, 130, 130, 130, 130,
1, 1, 1, 1, 1, 1, 1, 1, 1,
1, 1, 1, 1, 1, 1, 1, 1, 1,
1, 1, 1, 1, 1, 1, 1, 1, 1,
24, 24, 24, 1, 1, 1, 1, 1, 1,
35, 35, 35, 38, 1, 1, 1, 1, 1,            
1, 1, 1, 38, 1, 1, 1, 1, 1,
1, 1, 1, 38, 1, 1, 1, 1, 1

0, 10003, 9999, Grass wall right corner
24, 24, 24, 24, 24, 24, 24, 24, 24
133, 133, 133, 133, 133, 133, 133, 133, 133
24, 24, 24, 24, 24, 24, 24, 24, 24
24, 24, 24, 24, 24, 24, 24, 24, 24
24, 24, 24, 24, 24, 24, 24, 24, 24
24, 24, 24, 24, 24, 24, 24, 24, 24
24, 24, 24, 24, 24, 24, 24, 24, 24
24, 24, 24, 24, 24, 24, 24, 24, 24
24, 24, 24, 24, 24, 24, 24, 24, 24


0, 10002, 10000, Big grass wall right
129, 129, 129, 38, 1, 1, 1, 1, 1,
1, 1, 1, 38, 1, 1, 1, 1, 1,
1, 1, 1, 38, 1, 1, 1, 1, 1,
1, 1, 1, 38, 1, 1, 1, 1, 1,
1, 1, 1, 38, 1, 1, 1, 1, 1,
1, 1, 1, 38, 1, 1, 1, 1, 1,
1, 1, 1, 38, 1, 1, 1, 1, 1,            
1, 1, 1, 38, 1, 1, 1, 1, 1,
1, 1, 1, 38, 1, 1, 1, 1, 1

0, 10002, 10001
1, 1, 1, 38, 1, 1, 1, 1, 1,
1, 1, 1, 38, 1, 1, 1, 1, 1,
1, 1, 1, 38, 1, 1, 1, 1, 1,
1, 1, 1, 38, 1, 1, 1, 1, 1,
1, 1, 1, 38, 1, 1, 1, 1, 1,
1, 1, 1, 38, 1, 1, 1, 1, 1,
1, 1, 1, 38, 1, 1, 1, 1, 1,            
1, 1, 1, 38, 1, 1, 1, 1, 1,
1, 1, 1, 38, 1, 1, 1, 1, 1

0, 9999, 10000, Big grass wall left
0, 9999, 10001
1, 1, 1, 1, 1, 37, 1, 1, 1,
1, 1, 1, 1, 1, 37, 1, 1, 1,
1, 1, 1, 1, 1, 37, 1, 1, 1,
1, 1, 1, 1, 1, 37, 1, 1, 1,
1, 1, 1, 1, 1, 37, 1, 1, 1,
1, 1, 1, 1, 1, 37, 1, 1, 1,
1, 1, 1, 1, 1, 37, 1, 1, 1,            
1, 1, 1, 1, 1, 37, 1, 1, 1,
1, 1, 1, 1, 1, 37, 1, 1, 1

0, 9999, 10002, Grass wall left bottom corner
1, 1, 1, 1, 1, 37, 1, 1, 1,
1, 1, 1, 1, 1, 37, 1, 1, 1,
1, 1, 1, 1, 1, 1, 39, 39, 39,
1, 1, 1, 1, 1, 1, 1, 1, 1,
1, 1, 1, 1, 1, 1, 1, 1, 1,
1, 1, 1, 1, 1, 1, 1, 1, 1,
1, 1, 1, 1, 1, 1, 1, 1, 1,            
1, 1, 1, 1, 1, 1, 1, 1, 1,
1, 1, 1, 1, 1, 1, 1, 1, 1

0, 10002, 10002, Grass wall right bottom corner
1, 1, 1, 38, 1, 1, 1, 1, 1,
1, 1, 1, 38, 1, 1, 1, 1, 1,
39, 39, 39, 1, 1, 1, 1, 1, 1,
1, 1, 1, 1, 1, 1, 1, 1, 1,
1, 1, 1, 1, 1, 1, 1, 1, 1,
1, 1, 1, 1, 1, 1, 1, 1, 1,
1, 1, 1, 1, 1, 1, 1, 1, 1,            
1, 1, 1, 1, 1, 1, 1, 1, 1,
1, 1, 1, 1, 1, 1, 1, 1, 1

0, 10001, 10002, Grass wall top 
1, 1, 1, 1, 1, 1, 1, 1, 1,
1, 1, 1, 1, 1, 1, 1, 1, 1,
39, 39, 39, 39, 39, 39, 39, 39, 39,
1, 1, 1, 1, 1, 1, 1, 1, 1,
1, 1, 1, 1, 1, 1, 1, 1, 1,
1, 1, 1, 1, 1, 1, 1, 1, 1,
1, 1, 1, 1, 1, 1, 1, 1, 1,            
1, 1, 1, 1, 1, 1, 1, 1, 1,
1, 1, 1, 1, 1, 1, 1, 1, 1

1, 10000, 10000, Underground under house
1, 10000, 10001
17, 54, 25, 54, 54, 54, 17, 25, 17,
17, 54, 54, 54, 54, 25, 17, 25, 17,
17, 54, 54, 25, 25, 54, 17, 25, 17,
17, 54, 54, 54, 54, 54, 17, 25, 17,
17, 54, 54, 54, 54, 54, 17, 25, 17,
17, 17, 17, 17, 25, 54, 17, 25, 17,
17, 26, 32, 28, 54, 25, 17, 25, 17,
17, 54, 54, 54, 54, 54, 17, 25, 17,
17, 54, 54, 25, 54, 54, 17, 25, 17

1, 10000, 9999, Underground top
17, 17, 17, 17, 17, 17, 17, 17, 17,
17, 17, 17, 26, 27, 28, 17, 17, 17,
17, 26, 28, 25, 25, 25, 26, 28, 17,
17, 25, 89, 25, 25, 25, 25, 25, 17,
17, 25, 25, 25, 25, 25, 25, 25, 17,
17, 25, 25, 25, 25, 25, 89, 25, 17,
17, 25, 25, 25, 25, 25, 25, 25, 17,
17, 17, 43, 17, 17, 17, 17, 25, 17,
17, 26, 27, 27, 27, 28, 17, 25, 17

1, 10000, 10002, Underground bottom
17, 17, 44, 17, 17, 17, 17, 25, 17,
17, 26, 42, 27, 27, 27, 28, 25, 17,
17, 25, 25, 25, 25, 25, 25, 25, 17,
17, 25, 25, 25, 25, 25, 25, 25, 17,
17, 25, 25, 25, 25, 25, 25, 25, 17,
17, 25, 25, 25, 25, 25, 25, 25, 17,
17, 25, 25, 25, 25, 25, 25, 25, 17,
17, 25, 25, 25, 25, 25, 25, 25, 17,
17, 25, 25, 25, 25, 25, 25, 25, 17

0, 10003, 9993, Basic wall
0, 10002, 9993
0, 10001, 9993
0, 9999, 9993
0, 9998, 9993
0, 9997, 9993
61, 61, 61, 61, 61, 61, 61, 61, 61,
64, 65, 66, 64, 65, 66, 64, 65, 66,
67, 68, 69, 67, 68, 69, 67, 68, 69,
67, 68, 69, 67, 68, 69, 67, 68, 69,
70, 71, 72, 70, 71, 72, 70, 71, 72,
27, 27, 27, 27, 27, 27, 26, 27, 27,
57, 57, 57, 57, 57, 57, 57, 57, 57,
57, 57, 57, 57, 57, 57, 57, 57, 57,
2, 63,  63, 2, 44, 2, 63, 63, 2

0, 9996, 9993, Left corner wall
24, 1 , 1,  63, 57, 57, 60, 61, 61,
24, 24, 1,  63, 57, 57, 64, 65, 66,
24, 1 , 1,  63, 57, 57, 67, 68, 69,
24, 1 , 1,  63, 57, 57, 67, 68, 69,
24, 24, 1,  63, 57, 57, 70, 71, 72,
24, 1 , 1,  63, 57, 57, 26, 27, 27,
24, 1 , 1,  63, 57, 57, 57, 57, 57,
24, 1 , 1,  63, 57, 57, 57, 57, 57,
24, 24, 1,  63, 44, 63, 63, 63, 63

0, 10004, 9993, Right corner wall
61, 61, 60, 57, 57, 63, 1, 24, 24,
64, 65, 66, 57, 57, 63, 1, 1,  24,
67, 68, 69, 57, 57, 63, 1, 1,  24,
67, 68, 69, 57, 57, 63, 1, 24, 24,
70, 71, 72, 57, 57, 63, 1, 1,  24,
27, 27, 28, 57, 57, 63, 1, 1,  24,
57, 57, 57, 57, 57, 63, 1, 1,  24,
57, 57, 57, 57, 57, 63, 1, 1,  24,
63, 63, 63, 63, 63, 63, 1, 24, 24

0, 9996, 9992, Left wall
0, 9996, 9991
0, 9996, 9990
0, 9996, 9989
0, 9996, 9988
0, 9996, 9987
0, 9996, 9986
24, 1 , 1,  63, 57, 57, 60, 58, 58,
24, 24, 1,  63, 57, 57, 60, 58, 58,
24, 1 , 1,  63, 57, 57, 60, 58, 58,
24, 1 , 1,  63, 57, 57, 60, 58, 58,
24, 24, 1,  63, 57, 57, 60, 58, 58,
24, 1 , 1,  63, 57, 57, 60, 58, 58,
24, 1 , 1,  63, 57, 57, 60, 58, 58,
24, 1 , 1,  63, 57, 57, 60, 58, 58,
24, 24, 1,  63, 57, 57, 60, 58, 58

0, 10004, 9992, Right wall
0, 10004, 9991
0, 10004, 9990
0, 10004, 9989
0, 10004, 9988
0, 10004, 9987
0, 10004, 9986
58, 58,60,57, 57,63,1, 1, 24
58, 58,60,57, 57,63,1, 1, 24
58, 58,60,57, 57,63,1, 1, 24
58, 58,60,57, 57,63,1, 1, 24
58, 58,60,57, 57,63,1, 24,24
58, 58,60,57, 57,63,1, 1, 24
58, 58,60,57, 57,63,1, 1, 24
58, 58,60,57, 57,63,1, 1, 24
58, 58,60,57, 57,63,1, 24,24

0, 9997, 9992, Wall top
0, 10002, 9992
0, 10003, 9992
0, 10001, 9992
1,  1,  1,  1,  55, 1,  1,  44, 1,
1,  1,  44, 1,  1,  1,  1,  1,  1,
1,  1,  1,  1,  1,  1,  1,  1,  1,
1,  1,  1,  1,  1,  1,  56, 1,  1,
1,  1,  1,  1,  1,  1,  1,  1,  1,
62, 1,  1,  44, 1,  62, 1,  1,  1,
58, 58, 62, 1,  62, 62, 58, 1,  62,
58, 58, 58, 58, 58, 58, 58, 58, 58,
58, 58, 58, 58, 58, 58, 58, 58, 58

0, 9998, 9992
1,  2,  2,  2,  2,  2,  2,  2,  2,
1,  1,  44, 1,  1,  1,  1,  1,  1,
1,  1,  1,  1,  1,  1,  1,  1,  1,
1,  1,  1,  1,  1,  1,  56, 1,  1,
1,  1,  1,  1,  1,  1,  1,  1,  1,
62, 1,  1,  44, 1,  62, 1,  1,  1,
58, 58, 62, 1,  62, 62, 58, 1,  62,
58, 58, 58, 58, 58, 58, 58, 58, 58,
58, 58, 58, 58, 58, 58, 58, 58, 58

0, 10000, 9992
2,  2,  2,  2,  2, 1,  1,  44, 1,
1,  1,  44, 1,  1,  1,  1,  1,  1,
1,  1,  1,  1,  1,  1,  1,  1,  1,
1,  1,  1,  1,  1,  1,  56, 1,  1,
1,  1,  1,  1,  1,  1,  1,  1,  1,
62, 1,  1,  44, 1,  62, 1,  1,  1,
58, 58, 62, 1,  62, 62, 58, 1,  62,
58, 58, 58, 58, 58, 58, 58, 58, 58,
58, 58, 58, 58, 58, 58, 58, 58, 58

0, 9999, 9994, Secret path 1
2, 1,  24,  24, 1, 1,  24, 24, 1,             
24,  1, 24,  24, 1,  1,  24, 24, 24, 
24, 1, 24, 24, 1,  24, 24, 24, 24, 
24,  1,  24, 24, 62,  24, 24, 24, 24, 
24, 1,  24, 24, 1,  24, 24, 24, 24, 
24, 62,  62,  1,  1,  24, 24, 24, 24, 
24, 24, 24, 24, 1, 24, 24, 24, 24, 
24, 24, 24, 24, 1, 1, 24, 24, 24, 
24, 24, 24, 24, 24, 1, 2, 24, 24

0, 9998, 9994, Secret path 2
24, 1,  1,  24, 24, 1,  24, 24, 1,             
1,  44, 1,  24, 1,  1,  24, 24, 24, 
34, 40, 36, 24, 1,  24, 24, 24, 24, 
1,  62,  1, 24, 62,  24, 24, 24, 24, 
24, 1,  24, 24, 1,  24, 24, 24, 24, 
24, 62,  62,  1,  1,  24, 24, 24, 24, 
24, 24, 24, 24, 24, 24, 24, 24, 24, 
24, 24, 24, 24, 24, 24, 24, 24, 24, 
24, 24, 24, 24, 24, 24, 24, 24, 24

0, 10001, 9994, Secret path 3
24, 24, 24, 1, 24, 24, 24, 24, 24,
24, 24, 24, 1, 24, 24, 58, 58, 58,
1, 24, 24, 1, 24, 24, 58, 73, 58,
129,  129,  129,  129, 134, 134, 58, 58, 58,
1,  24, 24, 1, 24, 24, 24, 62, 24,
24, 24, 24, 1, 1,  62,  1,  1, 24,
24, 24, 24, 1, 24, 24, 24, 24, 24,
24, 24, 1, 1, 1, 1, 1, 24, 24,
24, 24, 24, 24, 24, 24, 24, 24, 24

1, 9998, 9994, Secret path 4
54, 25, 25, 17, 17, 17, 17, 17, 17,
25, 25, 25, 17, 17, 17, 17, 17, 17,
25, 25, 25, 17, 17, 17, 17, 17, 17,
17, 43, 17, 17, 17, 17, 17, 17, 17, 
17, 17, 17, 17, 17, 17, 17, 17, 17, 
17, 17, 17, 17, 17, 17, 17, 17, 17, 
17, 17, 17, 17, 17, 17, 17, 17, 17, 
17, 17, 17, 17, 17, 17, 17, 17, 17, 
17, 17, 17, 17, 17, 17, 17, 17, 17

1, 9998, 9993, lavalabyrinth
82, 82, 82, 82, 82, 82, 82, 82, 82
82, 58, 82, 83, 58, 83, 83, 58, 58
82, 58, 82, 82, 82, 82, 58, 82, 58
82, 58, 83, 58, 58, 82, 58, 82, 83
82, 58, 82, 82, 82, 82, 58, 82, 58
82, 58, 82, 82, 58, 82, 83, 82, 82
82, 58, 58, 83, 58, 58, 83, 58, 58
85, 83, 85, 82, 82, 82, 82, 82, 82
84, 25, 84, 17, 17, 17, 17, 17, 17

1, 9999, 9993, lavalabyrinth
82, 82, 82, 82, 82, 82, 82, 58, 82
82, 87, 82, 82, 83, 58, 58, 83, 82
82, 58, 58, 82, 82, 83, 82, 58, 82
82, 58, 82, 82, 82, 82, 82, 58, 82
82, 58, 83, 58, 83, 58, 82, 83, 82
82, 58, 82, 82, 82, 82, 82, 58, 82
58, 83, 83, 58, 58, 83, 58, 58, 82
82, 82, 82, 82, 82, 82, 82, 82, 82
17, 17, 17, 17, 17, 17, 17, 17, 17

1, 9999, 9992, lavalabyrinth
26, 27, 27, 27, 27, 27, 27, 27, 28
26, 27, 27, 27, 27, 27, 27, 27, 28
82, 82, 82, 82, 82, 82, 82, 82, 82
58, 83, 58, 83, 82, 83, 58, 83, 82
82, 82, 82, 83, 82, 82, 82, 83, 82
82, 82, 82, 58, 82, 58, 82, 58, 82
82, 82, 82, 58, 83, 58, 82, 58, 82
82, 82, 82, 82, 82, 83, 82, 83, 82
82, 58, 83, 58, 58, 58, 83, 58, 82

1, 9998, 9992, lavalabyrinth
25, 25, 25, 26, 27, 27, 27, 27, 28
25, 25, 25, 26, 27, 27, 27, 27, 28
82, 83, 82, 82, 82, 82, 82, 82, 82
82, 58, 58, 83, 83, 82, 83, 82, 58
82, 82, 82, 82, 58, 82, 83, 82, 58
82, 83, 82, 83, 83, 82, 58, 82, 58
82, 58, 82, 83, 82, 82, 83, 82, 83
82, 83, 58, 83, 83, 58, 58, 83, 58
82, 82, 82, 82, 82, 82, 82, 82, 82

1, 9998, 9991, secretPath6
17, 17, 17, 17, 17, 17, 17, 17, 17,
17, 17, 17, 17, 17, 17, 17, 17, 17,
26, 32, 28, 17, 17, 17, 17, 17, 17,
25, 25, 25, 17, 17, 17, 17, 17, 17, 
25, 54, 25, 17, 17, 17, 17, 17, 17, 
25, 25, 25, 17, 17, 17, 17, 17, 17, 
54, 25, 25, 17, 17, 17, 17, 17, 17, 
25, 25, 54, 17, 17, 17, 17, 17, 17, 
25, 25, 25, 17, 17, 17, 17, 17, 17

2, 9998, 9991, Secret Path 7
19, 20, 20, 20, 20, 21, 17, 17, 17,
15, 15, 15, 15, 15, 15, 17, 17, 17, 
15, 15, 15, 121,122, 123, 17, 17, 17,
17, 31, 17, 15, 15, 121,19, 21, 29,
17, 17, 17, 15, 15, 15, 15, 15, 15, 
19, 116,21, 15, 94, 95, 95, 96, 15,
15, 117,15, 15, 97, 98, 98, 99, 15,
15, 15, 15, 15, 100,101,101,102,15,
17, 16, 17, 15, 15, 15, 15, 15, 15

3, 9998, 9991, Secret Path 7
19, 47, 50, 75, 21, 17, 19, 20, 21,
15, 15, 76, 74, 15, 33, 15, 15, 15
15, 52, 53, 15, 15, 15, 52, 53, 15
15, 15, 15, 15, 15, 17, 15, 15, 15,
17, 17, 15, 17, 17, 17, 17, 17, 30, 
19, 21, 15, 19, 21, 17, 17, 17, 17,
15, 15, 15, 15, 15, 17, 17, 17, 17
51, 77, 15, 51, 51, 17, 17, 17, 17
15, 15, 15, 15, 15, 17, 17, 17, 17



0, 9998, 9991, Secret Path 8
4,  4,  4,  4,  4,  4,  1,  1,  1, 
5,  8,  8,  8,  8,  11, 4,  45, 4,
6,  14, 9,  9,  0, 12, 5, 8, 11,
6,  14, 9,  9,  14, 12, 6, 14,  12,
6,  9,  9,  9,  9,  12, 7, 10, 13,
64, 65, 66, 64, 65, 66, 64, 65, 66,
67, 68, 69, 67,  0, 69,  67, 0,  69,
70, 3, 72, 70, 71, 72, 70, 71, 72,
1,  2, 1,  1,  1,  1,  1,  1,  1

0, 9996, 9985, Corner top keep
24, 24, 24, 24, 24, 24, 24, 24, 24
24, 24, 24, 24, 24, 24, 24, 24, 24
24, 24, 24, 24, 24, 24, 24, 24, 24
24, 24, 24, 24, 24, 24, 24, 24, 24
24, 24, 24, 24, 57, 57, 57, 57, 57
24, 24, 24, 24, 57, 57, 57, 57, 57
24, 24, 24, 24, 57, 57, 86, 86, 86
24, 24, 24, 24, 57, 57, 60, 58, 58
24, 24, 24, 24, 57, 57, 60, 58, 58

0, 9996, 9985, Corner top keep left
24, 24, 24, 24, 24, 24, 24, 24, 24
24, 24, 24, 24, 24, 24, 24, 24, 24
24, 24, 24, 24, 24, 24, 24, 24, 24
24, 24, 24, 24, 24, 24, 24, 24, 24
24, 24, 24, 63, 63, 63, 63, 63, 63
24, 24, 24, 63, 57, 57, 57, 57, 57
24, 24, 24, 63, 57, 57, 86, 86, 86
24, 24, 24, 63, 57, 57, 60, 58, 58
24, 24, 24, 63, 57, 57, 60, 58, 58

0, 10004, 9985, Corner top keep right
24, 24, 24, 24, 24, 24, 24, 24, 24
24, 24, 24, 24, 24, 24, 24, 24, 24
24, 24, 24, 24, 24, 24, 24, 24, 24
24, 24, 24, 24, 24, 24, 24, 24, 24
63, 63, 63, 63, 63, 63, 24, 24, 24
57, 57, 57, 57, 57, 63, 24, 24, 24
86, 86, 86, 57, 57, 63, 24, 24, 24
58, 58, 60, 57, 57, 63, 24, 24, 24
58, 58, 60, 57, 57, 63, 24, 24, 24

0, 9997, 9985, Top keep wall
0, 9998, 9985
0, 9999, 9985
0, 10000, 9985
0, 10001, 9985
0, 10002, 9985
0, 10003, 9985
24, 24, 24, 24, 24, 24, 24, 24, 24
24, 24, 24, 24, 24, 24, 24, 24, 24
24, 24, 24, 24, 24, 24, 24, 24, 24
24, 24, 24, 24, 24, 24, 24, 24, 24
63, 63, 63, 63, 63, 63, 63, 63, 63
57, 57, 57, 57, 57, 57, 57, 57, 57
86, 86, 86, 86, 86, 86, 86, 86, 86
58, 58, 58, 58, 58, 58, 58, 58, 58
58, 58, 58, 58, 58, 58, 58, 58, 58

0, 10000, 9991, Castle
60, 58, 58, 58, 58, 58, 58, 58, 60
60, 58, 58, 61, 61, 61, 58, 87, 60
60, 61, 61, 64, 65, 66, 61, 61, 60
64, 65, 66, 67, 68, 69, 64, 65, 66
67, 68, 69, 67, 14, 69, 67, 68, 69
67, 0,  69, 67, 68, 69, 67, 0,  69
67, 68, 69, 70, 3,  72, 67, 68, 69
70, 71, 72, 58, 58, 58, 70, 71, 72
58, 58, 58, 58, 2, 58, 58, 58, 58

0, 10000, 9990, Castle
1,  1,  1,  1,  1,  1,  1,  1,  1
1,  1,  1,  4,  4,  4,  1,  1,  1
4,  4,  4,  64, 65, 66, 4,  4,  4
64, 65, 66, 67, 68, 69, 64, 65, 66
67, 68, 69, 67, 14, 69, 67, 68, 69
67, 0,  69, 67, 68, 69, 67, 0,  69
67, 68, 69, 70, 103,72, 67, 68, 69
70, 71, 72, 58, 58, 58, 70, 71, 72
60, 58, 58, 58, 58, 58, 58, 58, 60

0, 10001, 9991, Castle
0, 10002, 9991
24, 56, 1,  1,  1,  1,  1,  55, 24
24, 56, 56, 4,  4,  4,  55, 55, 24
4,  4,  4,  64, 65, 66,  4,  4,  4
64, 65, 66, 67, 68, 69, 64, 65, 66
67, 68, 69, 67, 14, 69, 67, 68, 69
67, 0,  69, 67, 68, 69, 67, 0,  69
67, 68, 69, 70, 71, 72, 67, 68, 69
70, 71, 72, 58, 58, 58, 70, 71, 72
58, 58, 58, 58, 58, 58, 58, 58, 58

0, 10001, 9990, Mini castle part
1,  1,  1,  1,  1,  1,  1,  1,  1
1,  1,  1,  1,  1,  1,  1,  1,  1
4,  4,  4,  4,  4,  4,  4,  4,  4
64, 65, 66, 64, 65, 66, 64, 65, 66
67, 68, 69, 67, 68, 69, 67, 68, 69
70, 3,  72, 70, 71, 72, 70, 71, 72
1,  1,  1,  1,  1,  1,  1,  1,  1
1,  1,  1,  1,  1,  1,  1,  1,  1
1,  1,  1,  1,  1,  1,  1,  1,  1

0, 10002, 9990, Outdoor castle part 
1,  1,  44, 1,  1,  1,  1,  1,  1
1,  44, 62, 1,  44, 1,  1,  62, 1
1,  1,  1,  1,  1,  1,  1,  1,  1
1,  1,  1,  1,  1,  1,  44, 1,  1
24, 24, 24, 24, 24, 24, 24, 24, 24
1,  1,  1,  1,  44, 1,  1,  1,  24
1,  1,  1,  34, 40, 36, 1,  1,  24
1,  1,  1,  1,  62,  1,  1,  1, 24
1,  1,  1,  1,  1,  1,  1,  1,  24

0, 10002, 9972
1, 1, 1, 1, 1, 1, 1, 1, 1
1, 1, 55,55,1, 1, 1, 1, 1
1, 1, 62,58,58,58,62,56,1
44,1, 58,57,90,57,58,1, 1 
1, 1, 58,90,91,90,58,1, 1
1, 1, 58,57,90,57,58,1, 1
1, 56,62,58,58,58,62,1, 1 
1, 56,56,1, 44,1, 1, 1, 1
1, 1, 1, 1, 1, 1, 1, 1, 1

0, 9999, 9992, Water / pond 2
2, 2, 2, 2, 2, 2, 2, 2, 2
1, 1, 55,55,2, 1, 1, 1, 1
1, 1, 62,58,58,58,62,56,1
44,1, 58,57,90,57,58,1, 1 
1, 1, 58,90,91,90,58,1, 1
1, 1, 58,57,90,57,58,1, 1
1, 56,62,58,58,58,62,1, 1 
1, 56,56,1, 44,1, 1, 1, 1
58, 58, 58, 58, 58, 58, 58, 58, 58

0, 10014, 9964
25, 25, 25, 58,83,58, 126, 25, 25
25, 126, 25, 58,83,58, 25, 25, 25
25, 25,25,58,58,58,25,25, 25
25, 25,58,82,83,82,58,25, 25
25, 25,58,83,91,83,58,25, 25
25, 25,58,82,83,82,58,25, 25
25, 58,25,58,58,58,25,58, 25
58, 58, 58, 58, 58, 58, 58, 58, 58
58, 83, 83, 58, 83, 58, 83, 83, 58

0, 10014, 9965
58, 58, 58, 58, 58, 58, 58, 58, 58
25, 58, 25, 58, 58, 58, 25, 58, 25
25, 25, 58, 25, 25, 25, 58, 126, 25
25, 25, 25, 25, 1, 25, 25, 25, 25
25, 126, 25, 25, 1, 1, 25, 25, 25
25, 25, 25, 25, 1, 1, 25, 25, 25
25, 25, 25, 1, 1, 1, 1, 25, 25
25, 25, 25, 1, 1, 1, 25, 25, 25
25, 25, 1, 1, 1, 1, 25, 25, 126

0, 10012, 9965
0, 10013, 9965
0, 10015, 9965
0, 10016, 9965
93, 82, 82, 82, 82, 82, 82, 82, 93
84, 25, 25, 25, 126, 25, 25, 25, 84
25, 25, 25, 126, 25, 126, 25, 126, 25
25, 25, 25, 25, 126, 25, 126, 25, 25
25, 126, 25, 25, 126, 25, 25, 25, 25
25, 25, 25, 25, 25, 126, 25, 25, 25
25, 25, 25, 25, 1,  126, 25, 25, 126
25, 126, 25, 1,  44,  25, 25, 25, 25
25, 25, 1,  44,  1,  1,  1,  25, 25



0, 10012, 9964
0, 10013, 9964
0, 10015, 9964
0, 10016, 9964
25, 60, 58, 58, 58, 58, 58, 60, 25
25, 60, 61, 61, 61, 61, 61, 60, 25
25, 64, 65, 66, 60, 64, 65, 66, 25
25, 67, 120,69, 119,67, 120,69, 25
25, 67, 118,69, 119,67, 118,69, 25
25, 70, 71, 72, 60, 70, 71, 72, 25
25, 25, 25, 25, 119, 25, 25, 25, 25
60, 82, 82, 82, 82, 82, 82, 82, 60
119, 82, 82, 82, 82, 82, 82, 82, 119


0, 9998, 9988, Basic house 
0, 10000, 9987
0, 10001, 9989
0, 10003, 9988
0, 10001, 9983
0, 10002, 9982
0, 10001, 9978
2,  1,  1,  1,  1,  1,  1,  1,  1
2,  1,  1,  1,  1,  1,  1,  1,  1
2,  1,  4,  4,  4,  45, 4,  1,  1
2,  1,  5,  8,  8,  8,  11, 1,  1
2,  1,  6,  14, 9,  14, 12, 1,  1
2,  1,  6,  9,  9,  9,  12, 1,  1
2,  1,  7,  10, 10, 10, 13, 1,  1
2,  1,  1,  55, 55, 55, 1,  1,  1
63, 2,  2,  2,  2,  2,  2,  2,  2

0, 9999, 9988, Basic house 2
0, 10001, 9989
0, 10002, 9989
0, 10002, 9983
0, 10003, 9983
0, 10001, 9982
0, 10002, 9981
0, 10002, 9978
0, 10003, 9979
2,  1,  1,  1,  1,  1,  1,  1,  1
2,  1,  1,  1,  1,  1,  1,  1,  1
2,  1,  4,  4,  45, 4,  4,  1,  1
2,  1,  5,  8,  8,  8,  11, 1,  1
2,  1,  6,  14, 9,  0,  12, 1,  1
2,  1,  6,  9,  9,  9,  12, 1,  1
2,  1,  60, 60, 60, 60, 60, 1,  1
2,  1,  1,  56, 56, 56, 1,  1,  1
63, 2,  2,  2,  2,  2,  2,  2,  2



0, 10003, 9981
2,  1,  1,  1,  1,  1,  1,  1,  1
2,  1,  1,  1,  1,  1,  1,  1,  1
2,  1,  4,  4,  45, 4,  4,  1,  1
2,  1,  5,  8,  8,  8,  11, 1,  1
2,  1,  6,  14, 9,  0,  12, 1,  1
2,  1,  6,  9,  9,  9,  12, 1,  1
2,  1,  60, 60, 3, 60, 60, 1,  1
2,  1,  1,  56, 56, 56, 1,  1,  1
63, 2,  2,  2,  2,  2,  2,  2,  2

2, 10003, 9981
17, 19, 116, 22, 47, 48, 50, 21, 17
17, 15, 117, 23, 46, 49, 49, 46, 17
17, 15,15,15,46, 46, 46, 46, 17
17, 15,81,15, 46, 46, 46, 46, 17
17, 52, 53, 15, 15, 121,121, 15, 17
17, 15, 15, 15, 121, 122,123, 121, 17
17, 15, 15, 52, 53, 121, 121, 15, 17
17, 17, 17, 17, 16, 17, 17, 17, 17
17, 17, 17, 17, 17, 17, 17, 17, 17



0, 10001, 9988, Basic house 3
0, 10000, 9989
0, 10003, 9982
0, 10001, 9981
0, 10003, 9978
0, 10002, 9979
2,  1,  1,  1,  1,  1,  1,  1,  1
2,  1,  1,  1,  1,  1,  1,  1,  1
2,  1,  4,  45, 4,  4,  4,  1,  1
2,  1,  64, 65, 65, 65, 66, 1,  1
2,  1,  67, 68, 0,  68, 69, 1,  1
2,  1,  67, 68, 68, 68, 69, 1,  1
2,  1,  60, 60, 60, 60, 60, 1,  1
2,  1,  1,  55, 55, 55, 1,  1,  1
63, 2,  2,  2,  2,  2,  2,  2,  2

0, 10000, 9988, Park
0, 10003, 9989
0, 10001, 9979
2,  1,  1,  55, 62, 58, 1,  1,  1
2,  1,  62, 57, 90, 57, 62, 1,  1
2,  1,  58, 57, 57, 57, 55, 1,  1
2,  58, 90, 57, 57, 57, 57, 58, 1
2,  62, 57, 57, 57, 57, 57, 58, 1
2,  55, 57, 57, 90, 57, 57, 62, 1
2,  1,  62, 57, 57, 57, 90, 58, 1
2,  1,  1,  58, 62, 62, 55, 1,  1
63, 2,  2,  2,  2,  2,  2,  2,  2

0, 10000, 9986, Park 2
2,  44, 1,  1,  56, 62, 1,  1,  1
2,  1,  62, 24, 24, 24, 24, 44, 1
2,  1,  24, 24, 24, 24, 24, 24, 62
2,  1,  24, 24, 62, 24, 44, 24, 1
2,  62, 24, 24, 24, 24, 24, 24, 1
2,  44, 24, 24, 24, 62, 24, 24, 62
2,  56, 1,  24, 24, 24, 24, 1,  1
2,  1,  1,  62, 62, 56, 1,  1,  1
63, 2,  2,  2,  2,  2,  2,  2,  2

2, 10000, 9991, Inside castle 1st floor 1
17, 58, 58, 97, 98, 99, 58, 58, 17
93, 58, 58, 97, 98, 99, 58, 58, 93
92, 58, 58, 97, 98, 99, 58, 58, 92
17, 58, 58, 97, 98, 99, 58, 58, 17
93, 58, 58, 97, 98, 99, 58, 58, 93
92, 58, 58, 100,101,102,58, 58, 92
58, 58, 58, 58, 58, 58, 58, 58, 58
58, 58, 58, 17, 16, 17, 58, 58, 58
17, 17, 17, 17, 17, 17, 17, 17, 17

2, 10000, 9990, Inside castle 1st floor 2
17, 17, 17, 17, 17, 17, 17, 17, 17
93, 29, 29, 93, 60, 93, 60, 60, 93
92, 58, 58, 92, 87, 92, 58, 58, 92
17, 58, 58, 94, 95, 96, 58, 58, 17
93, 58, 58, 97, 98, 99, 58, 58, 93
92, 58, 58, 97, 98, 99, 58, 58, 92
17, 58, 58, 97, 98, 99, 58, 58, 17
93, 58, 58, 97, 98, 99, 58, 58, 93
92, 58, 58, 97, 98, 99, 58, 58, 92

2, 10001, 9990, Inside castle 1st floor 2
17, 17, 17, 17, 17, 17, 17, 17, 17
60, 60, 93, 60, 60, 93, 60, 60, 93
58, 58, 92, 58, 58, 92, 58, 58, 92
58, 94, 95, 95, 95, 95, 96, 58, 17
58, 100,101,101,101,101,102,58, 93
58, 58, 58, 58, 58, 58, 58, 58, 92
17, 16, 17, 17, 17, 17, 17, 17, 17
17, 17, 17, 17, 17, 17, 17, 17, 17
17, 17, 17, 17, 17, 17, 17, 17, 17

3, 10000, 9990, Inside castle 2nd floor
17, 19, 20, 20, 20, 20, 20, 21, 17
17, 15, 15, 15, 15, 15, 15, 15, 17
17, 30, 30, 17, 15, 94, 96, 15, 17
17, 17, 17, 17, 15, 97, 99, 15, 17
17, 19, 20, 21, 15, 97, 99, 15, 17
17, 15, 15, 15, 15, 100,102,15, 17
17, 15, 15, 15, 15, 15, 15, 15, 17
17, 17, 17, 17, 16, 17, 17, 17, 17
17, 17, 17, 17, 17, 17, 17, 17, 17

1, 10002, 9990, Cave enterance
25, 25, 25, 25, 54, 25, 25, 25, 25
25, 25, 25, 25, 54, 89, 25, 25, 25
25, 89, 25, 25, 54, 25, 25, 25, 25
25, 25, 25, 25, 54, 25, 25, 25, 25
25, 25, 25, 25, 54, 25, 25, 25, 25
25, 25, 25, 25, 54, 25, 25, 25, 25
25, 25, 25, 25, 54, 25, 25, 89, 25
25, 89, 17, 17, 43, 17, 17, 25, 17
25, 17, 17, 17, 17, 17, 17, 17, 25

1, 10002, 9989, Cave enterance 2
1, 10002, 9988
1, 10002, 9986
1, 10002, 9985
25, 25, 25, 25, 54, 25, 25, 25, 25
25, 25, 105,25, 54, 89, 105,25, 25
25, 89, 84, 25, 54, 25, 84, 25, 25
25, 25, 25, 25, 54, 25, 25, 25, 25
25, 25, 25, 25, 54, 25, 25, 25, 25
25, 25, 25, 25, 54, 25, 25, 25, 25
25, 25, 105,25, 54, 25, 105,89, 25
25, 25, 84, 25, 54, 25, 84, 25, 25
25, 25, 25, 25, 54, 25, 25, 25, 25


1, 10002, 9987
25, 25, 25, 25, 54, 25, 25, 25, 25
25, 25, 105,25, 54, 89, 105,25, 25
25, 89, 84, 25, 54, 25, 84, 25, 25
54, 54, 54, 54, 54, 54, 54, 54, 54
54, 104,104,104,87, 104,104,104,54
54, 54, 54, 54, 54, 54, 54, 54, 54
25, 25, 105,25, 54, 25, 105,89, 25
25, 25, 84, 25, 54, 25, 84, 25, 25
25, 25, 25, 25, 54, 25, 25, 25, 25

1, 10003, 9990, Cave toxic
1, 10001, 9990
1, 10001, 9989
1, 10003, 9989
1, 10001, 9988
1, 10003, 9988
1, 10001, 9987
1, 10003, 9987
1, 10001, 9986
1, 10003, 9986
1, 10003, 9985
25, 25, 54, 104,104,104,54, 25, 25
89, 25, 54, 104,104,104,54, 25, 89
25, 25, 54, 104,104,104,54, 25, 25
25, 25, 54, 104,104,104,54, 25, 25
25, 25, 54, 104,104,104,54, 25, 25
25, 25, 54, 104,104,104,54, 25, 25
25, 25, 54, 104,104,104,54, 89, 25
25, 89, 54, 104,104,104,54, 25, 25
25, 25, 54, 104,104,104,54, 25, 25


1, 10001, 9985
25, 25, 54, 104,104,104,54, 25, 25
89, 25, 54, 104,104,104,54, 25, 89
25, 25, 54, 104,104,104,54, 25, 25
25, 25, 54, 104,104,104,54, 25, 25
25, 25, 54, 104,91, 54,54, 25, 25
25, 25, 54, 104,104,104,54, 25, 25
25, 25, 54, 104,104,104,54, 89, 25
25, 89, 54, 104,104,104,54, 25, 25
25, 25, 54, 104,104,104,54, 25, 25

1, 10002, 9984, Cave portal out
1, 10001, 9984
1, 10003, 9984
17, 17, 17, 17, 17, 17, 17, 17, 17
17, 17, 17, 17, 17, 17, 17, 17, 17
17, 17, 17, 17, 17, 17, 17, 17, 17
17, 17, 17, 17, 17, 17, 17, 17, 17
17, 17, 17, 17, 17, 17, 17, 17, 17
17, 17, 17, 17, 17, 17, 17, 17, 17
17, 17, 17, 17, 44, 17, 17, 17, 17
17, 17, 17, 26, 42, 28, 17, 17, 17
26, 27, 28, 25, 25, 25, 26, 27, 28

0, 10002, 9984, Outside
24, 24, 24, 1,  1,  1,  24, 24, 24
24, 24, 24, 58,  58,  58,  24, 24, 24
24, 24, 58, 57, 90, 57,  58, 24, 24
24, 24, 58, 57,  91, 57,  58, 24, 24
24, 24, 58, 57,  90, 57,  58, 24, 24
24, 24, 24, 58,  58,  58,  24, 24, 24
24, 24, 24, 1,  1,  1,  24, 24, 24
24, 24, 24, 1,  1,  1,  24, 24, 24
24, 24, 24, 24, 41, 24, 24, 24, 24

0, 10002, 9976, Beach
106,57, 57, 15, 15, 15, 57, 57, 106
63, 57, 57, 15, 15, 15, 57, 57, 63
63, 57, 57, 15, 15, 15, 57, 57, 63
63, 57, 57, 15, 15, 15, 57, 57, 63
63, 57, 57, 15, 15, 15, 57, 57, 63
63,  63, 63, 109, 63, 109, 63, 63, 63
63, 63, 63, 63, 63, 63, 63, 63, 63
63, 63, 63, 1, 2, 1, 63, 63, 63
63, 1,  1,  1, 2, 1, 1,  1, 63


0, 10002, 9975, Bridge
0, 10002, 9974, Bridge
57, 57, 57, 15, 15, 15, 57, 57, 57
57, 57, 57, 15, 15, 15, 57, 57, 57
57, 106,57, 15, 15, 15, 57, 106,57
57, 57, 57, 15, 15, 15, 57, 57, 57
57, 57, 57, 15, 15, 15, 57, 57, 57
57, 57, 57, 15, 15, 15, 57, 57, 57
57, 57, 57, 15, 15, 15, 57, 57, 57
57, 57, 106,15, 15, 15, 57, 57, 57
57, 57, 57, 15, 15, 15, 57, 57, 57

0, 10004, 9975, Water
0, 10003, 9975
0, 10001, 9975
0, 10000, 9975
0, 10004, 9974
0, 10003, 9974
0, 10001, 9974
0, 10000, 9974
0, 10004, 9973
0, 10004, 9971
0, 10004, 9970
0, 10000, 9973
0, 10000, 9972
0, 10000, 9971
0, 10000, 9970
0, 10001, 9970
0, 10002, 9970
0, 10003, 9970
0, 10005, 9971
0, 10005, 9973
0, 10005, 9970
0, 10005, 9974
57, 57, 57, 57, 57, 57, 57, 57, 57
57, 57, 57, 57, 57, 57, 57, 106,57
57, 57, 57, 106,57, 57, 57, 57, 57
57, 57, 57, 57, 57, 57, 57, 57, 57
57, 57, 57, 57, 57, 57, 57, 57, 57
57, 57, 57, 57, 57, 57, 106,57, 57
57, 57, 57, 57, 57, 57, 57, 57, 57
57, 57, 106,57, 57, 57, 57, 57, 57
57, 57, 57, 57, 57, 57, 57, 57, 57

0, 10002, 9973, Sand 
0, 10001, 9973
0, 10001, 9972
0, 10003, 9972
0, 10001, 9971
0, 10002, 9971
0, 10003, 9971
0, 10006, 9971
0, 10006, 9972
0, 10006, 9973
0, 10003, 9976
0, 10001, 9976
107,63, 63, 63, 107,63, 63, 107,63
63, 63, 63, 107,63, 63, 63, 63, 63
63, 63, 63, 109,63, 63, 108,63, 63
63, 107,63, 108,63, 63, 107,63, 63
63, 63, 63, 63, 63, 63, 63, 63, 107
63, 108,63, 63, 107,63, 63, 63, 63
63, 63, 107,63, 63, 63, 63, 63, 63
63, 63, 63, 63, 63, 63, 109,63,108
63, 107,63, 63, 63, 107,63, 63, 63

0, 10000, 9976
0, 10004, 9976
109,63, 63, 63, 107,63, 63, 107,109
109, 63, 63, 107,63, 63, 63, 63, 109
109, 63, 63, 109,63, 63, 108,63, 109
109, 107,63, 108,63, 63, 107,63, 109
109, 63, 63, 63, 63, 63, 63, 63, 109
109, 108,63, 63, 107,63, 63, 63, 109
109, 63, 107,63, 63, 63, 63, 63, 109
109, 63, 63, 63, 63, 63, 109,63, 109
109, 107,63, 63, 63, 107,63, 63, 109

0, 10003, 9973, Sandcastle
107,63, 63, 63, 107,63, 63, 107,63
63, 63, 63, 107,63, 63, 63, 63, 63
63, 63, 63, 109,63, 63, 108,63, 63
63, 107,63, 82,82, 82, 107,63, 63
63, 63, 63, 82, 125, 82, 63, 63, 107
63, 108,63, 63, 107,63, 63, 63, 63
63, 63, 107,63, 63, 63, 63, 63, 63
63, 63, 63, 63, 63, 63, 109,63,108
63, 107,63, 63, 63, 107,63, 63, 63

2, 10003, 9973, Sandcastle innside
60, 60, 60, 60, 60, 60, 60, 60, 60
63, 63, 63, 63, 87, 63, 63, 63, 63
63, 63, 63, 63, 63, 63, 63, 63, 63
63, 63, 63, 63, 63, 63, 63, 63, 63
63, 63, 63, 63, 63, 63, 63, 63, 63
17, 17, 17, 17, 16, 17, 17, 17, 17
17, 17, 17, 17, 17, 17, 17, 17, 17
17, 17, 17, 17, 17, 17, 17, 17, 17
17, 17, 17, 17, 17, 17, 17, 17, 17




0, 10004, 9972, Bridge
0, 10005, 9972
57, 57, 57, 57, 57, 57, 57, 57, 57
57, 57, 57, 57, 57, 57, 57, 106,57
57, 57, 57, 106,57, 57, 57, 57, 57
15, 15, 15, 15, 15, 15, 15, 15, 15
15, 15, 15, 15, 15, 15, 15, 15, 15
15, 15, 15, 15, 15, 15, 15, 15, 15
57, 57, 57, 57, 57, 57, 57, 57, 57
57, 57, 106,57, 57, 57, 57, 57, 57
57, 57, 57, 57, 57, 57, 57, 57, 57

0, 10006, 9970, Beach 
0, 10006, 9974
109,109,109,109,109,109,109,109,109
63, 63, 63, 107,63, 63, 63, 63, 63
63, 63, 63, 109,63, 63, 108,63, 63
63, 107,63, 108,63, 63, 107,63, 63
63, 63, 63, 63, 63, 63, 63, 63, 107
63, 108,63, 63, 107,63, 63, 63, 63
63, 63, 107,63, 63, 63, 63, 63, 63
63, 63, 63, 63, 63, 63, 109,63, 108
109,109,109,109,109,109,109,109,109

0, 10007, 9973, Beachpath 1
24, 24, 24, 24, 24, 24, 24, 24, 24
24, 24, 24, 24, 24, 24, 24, 2,  1
24, 24, 24, 24, 24, 24, 24, 1,  24
24, 24, 24, 24, 24, 24, 24, 1,  24
24, 24, 2,  1,  1,  2,  1,  1,  24
24, 24, 1,  24, 24, 24, 24, 24, 24
24, 24, 1,  24, 24, 24, 24, 24, 24
24, 24, 1,  24, 24, 24, 24, 24, 24
1,  2,  1,  24, 24, 24, 24, 24, 24

0, 10008, 9973, Beachpath 2
24, 24, 24, 24, 24, 24, 24, 1,  110
2,  1,  1,  24, 24, 113,24, 2,  115
24, 24, 2,  24, 24, 115,24, 110, 24
24, 24, 1,  1,  2,  1,  115,1,  113
24, 24, 24, 24, 24, 1,  24, 1,  115
24, 24, 24, 115,24, 2,  113,110, 115
24, 24, 24, 24, 24, 1,  115,1,  113
24, 24, 24, 24, 115,1,  2,  1,  115
24, 24, 24, 24, 24, 24, 115,24, 113

0, 10008, 9972, Snowblend
0, 10008, 9974
0, 10008, 9975
0, 10008, 9976
0, 10008, 9977
0, 10008, 9978
0, 10008, 9971
0, 10008, 9970
0, 10008, 9969
0, 10008, 9968
24, 24, 24, 24, 24, 115,24, 115,115
24, 24, 24, 24, 24, 24, 115,115,113
24, 24, 24, 115,24, 115,115,24, 113
24, 24, 24, 24, 24, 115,115,115,115
24, 24, 24, 24, 115,24, 113,115,115
24, 24, 24, 24, 24, 115,115,115,113
24, 24, 24, 24, 115,24, 115,115,115
24, 24, 24, 24, 24, 113,115,115,115
24, 24, 24, 24, 24, 115,115,115,113

0, 10014, 9971, Snowblend 2
0, 10014, 9972
0, 10014, 9973
0, 10014, 9974
0, 10014, 9975
115,113,115,24, 24, 24, 24, 24, 24
113,115,113,24,24, 24, 24, 24, 24
115,24,115,115, 24, 24, 24, 24, 24
115,115,24,115, 24, 24, 24, 24, 24
113,115,115,115, 24, 24, 24, 24, 24
113,24,115,24, 24, 24, 24, 24, 24
115,115,113,115, 24, 24, 24, 24, 24
113,115,24,24, 24, 24, 24, 24, 24
115,115,115,115, 24, 24, 24, 24, 24

0, 10009, 9976, Snowblend up down 
0, 10009, 9970
0, 10010, 9970
0, 10011, 9970
0, 10012, 9970
0, 10014, 9970
0, 10015, 9970
0, 10010, 9976
0, 10011, 9976
0, 10012, 9976
0, 10013, 9976
0, 10014, 9976
0, 10015, 9976
113,115,115,115,113,115,115,115,113
115,115,113,113,115,115,115,115,115
113,24, 115,24, 115,115,113,115,115
24, 24, 24, 24, 24, 24, 115, 24, 24
24, 115,24, 24, 115,24, 24, 24,  24
24, 24, 24, 24, 24, 24, 24, 115, 24
115,24, 115,24, 115,115,24, 115,115
115,115,115,115,115,115,113,115,24
113,24, 115,113,115,113,115,113,115

0, 10013, 9970, Hidden snowpath
24, 24, 1, 24, 24, 24, 24, 24,  24
24, 24, 1, 1, 1, 1, 1, 24,  24
24, 24, 24, 24, 24, 24, 1, 24,  24
24, 24, 24, 24, 24, 24, 1, 24,  24
24, 115,24, 24, 1,  2, 1,  24,  24
24, 24, 24, 24, 110, 24, 24, 115, 24
115,24, 115,24, 110,115,24, 115,115
115,115,115,115,110,115,113,115,24
113,24, 115,113,110,113,115,113,115

0, 10009, 9973, Snowpath
111,110,110,110,110,110,114,110,110
110,110,111,113,110,110,110,113,110
110,110,110,110,58,58,58,110,110
110,110,111,58,112,112,112,58,110
110,110,110,58,112,91,112,58,110
110,110,110,58,112,112,112,58,110
110,113,111,110,58,58,58,110,110
110,110,111,114,110,110,110,110,110
110,110,110,110,111,110,110,111,111

0, 10010, 9973, Snowpathhouse
110,110,110,110,110,110,110,110,110
110,110,110,110,110,110,110,110,110
110,110,110,4,  4,  45, 110,110,110
4,  45, 4,  64, 65, 66, 4,  4,  4
64, 65, 66, 67, 14, 69, 64, 65, 66
67, 14, 69, 70, 71, 72, 67, 14, 69
70, 71, 72, 64, 65, 66, 70, 71, 72
110,110,110,70, 3,  72, 110,110,110
110,111,110,111,111,110,111,110,111

0, 10009, 9972, Just Snow
0, 10009, 9974 
0, 10010, 9972
0, 10010, 9974
0, 10009, 9975
0, 10011, 9974
0, 10012, 9974
0, 10013, 9974
0, 10011, 9975
0, 10012, 9975
0, 10013, 9975
0, 10011, 9972
0, 10013, 9972
0, 10011, 9971
0, 10012, 9971
0, 10012, 9973
110,110,110,110,110,110,110,110,110
110,113,110,110,110,110,110,113,110
110,110,110,110,110,114,110,110,110
110,110,114,110,110,110,110,110,110
110,110,110,110,110,110,110,110,110
110,110,110,110,110,113,110,110,110
110,110,110,110,110,110,110,113,110
113,110,110,114,110,110,110,110,110
110,110,110,110,110,110,110,110,110

0, 10010, 9971
110,110,110,110,110,110,110,110,110
110,113,110,110,110,110,110,113,110
110,110,110,110,110,114,110,110,110
110,110,110,110,110,110,110,110,110
110,110,110,136,137,138,110,110,110
110,110,110,139,140,141,110,110,110
110,110,110,110,110,110,110,113,110
113,110,110,114,110,110,110,110,110
110,110,110,110,110,110,110,110,110

2, 10010, 9971
17, 135,135,135,135,135,145,135,17
17, 142,142,142,142,142,144,142,17
17, 142,94, 95, 95, 95, 96, 142,17
17, 142,97, 98, 98, 98, 99, 142,17
17, 142,100,101,101,101,102,142,17
17, 142,142,142,142,142,142,142,17
17, 17, 17, 17, 143, 17, 17, 17, 17
17, 17, 17, 17, 17, 17, 17, 17, 17
17, 17, 17, 17, 17, 17, 17, 17, 17

0, 10013, 9971
0, 10012, 9972
0, 10011, 9973
110,110,110,110,110,110,110,110,111
110,113,110,110,110,110,111,113,110
110,110,110,110,111,114,110,110,110
110,110,114,110,110,110,110,110,110
110,110,110,110,111,110,110,110,110
110,110,110,110,110,113,110,110,110
110,111,110,110,110,110,110,113,110
113,110,110,114,110,110,110,110,110
111,110,110,110,110,110,110,110,110

0, 10010, 9975, Ice pond
0, 10009, 9971
0, 10013, 9973
110,110,110,110,110,110,110,110,110
110,110,110,114,110,110,110,113,110
110,110,112,112,110,114,110,110,110
110,111,112,112,112,112,111,110,110
110,110,112,112,112,112,112,110,110
110,110,114,112,112,112,112,112,110
110,110,112,112,110,112,112,110,110
110,113,110,112,110,110,110,114,110
110,110,110,110,110,110,110,110,110

2, 10010, 9973, Snowcastle inside
19, 116,47, 22, 20, 50, 48, 50, 21
81, 117,15, 23, 46, 49, 49, 49, 46
15, 121,15, 15, 46, 46, 46, 46, 46
17, 17, 15, 15, 17, 17, 17, 17, 17
19, 21, 15, 15, 19, 47, 50, 50, 21
15, 94, 95, 95, 96, 15, 76, 76, 15
15, 97, 98, 98, 99, 121,122,123,121
15, 100,101,101,102,15, 15, 121,15
17, 17, 17, 17, 16, 17, 17, 17, 17

0, 10013, 9969, Path up to mountain 1
24, 24, 24, 24, 1,  24, 24, 24, 24
24, 24, 24, 24, 2,  24, 24, 24, 24
24, 24, 24, 24, 1,  24, 24, 24, 24
24, 24, 24, 24, 2,  24, 24, 24, 24
24, 24, 24, 24, 1,  24, 24, 24, 24
24, 24, 24, 24, 1,  24, 24, 24, 24
24, 24, 24, 24, 2,  24, 24, 24, 24
24, 24, 1,  1,  2,  24, 24, 24, 24
24, 24, 2,  24, 24, 24, 24, 24, 24

0, 10013, 9967, Path up blocked wall
0, 10012, 9968
0, 10012, 9967
0, 10017, 9968
0, 10017, 9967
0, 10018, 9968
0, 10018, 9967
44,  1,  62,  1,  1,  1,  1,  44,  1
35, 35, 35, 35, 35, 35, 35, 35, 35
27, 27, 27, 27, 27, 27, 27, 27, 27
44,  1,  1,  1,  1,  62,  1,  1,  1
44,  24,  62,  44,  1,  1,  1,  1,  1
35, 35, 35, 35, 35, 35, 35, 35, 35
44,  1,  24,  1,  1,  1,  44,  24,  62
44,  1,  62,  24,  1,  1,  1,  1,  1
44,  1,  1,  1,  1,  62,  24,  1,  1

0, 10013, 9968
44, 44,  62,  1,  1,  1,  1,  44,  1
35, 35, 35, 35, 35, 35, 35, 35, 35
27, 124,27, 27, 27, 27, 27, 27, 27
44,  1,  1,  1,  1,  62,  1,  1,  1
44,  24,  62,  44,  1,  1,  1,  1,  1
35, 35, 35, 35, 35, 35, 35, 35, 35
44,  1,  24,  1,  1,  1,  44,  24,  62
44,  1,  62,  24,  1,  1,  1,  1,  1
44,  1,  1,  1,  1,  62,  24,  1,  1

1, 10013, 9968
26, 27, 27, 27, 27, 27, 27, 27, 28
25, 25, 25, 25, 25, 25, 25, 25, 25
25, 25, 25, 25, 25, 25, 25, 25, 25
17, 43, 17, 17, 17, 17, 17, 25, 25
17, 17, 17, 17, 17, 17, 17, 25, 25
17, 17, 17, 17, 17, 17, 17, 25, 25
17, 17, 17, 17, 17, 17, 17, 25, 25
17, 17, 17, 17, 17, 17, 17, 58, 58
17, 17, 17, 17, 17, 17, 17, 58, 87



0, 10014, 9968, Path up blocked wall
0, 10015, 9968
0, 10015, 9967
0, 10016, 9967
1,   1,  24,  44,  1,  1,  1,  1,  1
35, 35, 35, 35, 35, 35, 35, 35, 35
27, 27, 27, 27, 27, 27, 27, 27, 27
1,   1,  62,  1,  1,  1,  24,  1,  1
1,  24,  1,  44,  1, 62,  1,  1,  1
35, 35, 35, 35, 35, 35, 35, 35, 35
1,   62,  1,  1,  1,  44,  1,  1,  1
62,   1,  24,  1,  62,  1,  1,  1,  1
24,   1,  1,  1,  1,  1,  62,  24,  1


0, 10016, 9968, Path up blocked wall
1,   1,  1,  1,  1,  1,  1,  1,  1
35, 35, 35, 36,  1,  1, 34, 35, 35
27, 27, 27, 28,  1,  1, 26, 27, 27
1,   1,  1,  1,  62,  1,  1,  44,  1
1,   62,  1,  1,  1,  1,  1,  1,  1
35, 35, 35, 35, 35, 36,  1,  1, 34
1,   1,  62,  1,  1,  1,  1,  1,  62
1,   44,  1,  1,  1,  62,  1,  1,  1
1,   1,  1,  62,  1,  1,  1,  1,  1


0, 10014, 9967
1,   1,  1,  1,  1,  1,  1,  1,  1
35, 35, 36,  1,  1, 34, 35, 35, 35
27, 27, 28,  1,  1, 26, 27, 27, 27
1,   24,  1,  1,  1,  44,  1,  1,  1
1,   1,  62,  1,  1,  1,  1,  24,  1
36,  1,  1, 34, 35, 35, 35, 35, 35
1,   1,  1,  1,  1,  1,  1,  1,  62
1,   62,  1,  44,  24,  1,  1,  1,  1
24,   1,  1,  1,  1,  1,  62,  24,  1

0, 10014, 9963, final castle
58, 58, 58, 58, 58, 58, 58, 58, 58
61, 61, 61, 61, 61, 61, 61, 61, 61
64, 65, 66, 120,120,120, 64, 65, 66
67, 68, 69, 118,118,118,67, 68, 69
67, 119,69, 118,118,118,67, 119,69
70, 119,72, 118,118,118,70, 119,72
82, 82, 82, 58, 58, 58, 82, 82, 82
82, 82, 82, 58, 83, 58, 82, 82, 82
58, 58, 58, 58, 58, 58, 58, 58, 58

0, 10013, 9963, final castle
0, 10015, 9963
0, 10012, 9963
0, 10016, 9963
58, 58, 58, 58, 58, 58, 58, 58, 58
64, 65, 66, 64, 65, 66, 64, 65, 66
67, 119,69, 67, 68, 69, 67, 119,69
67, 119,69, 67, 68, 69, 67, 119,69
70, 71, 72, 70, 71, 72, 70, 71, 72
64, 65, 66, 64, 65, 66, 64, 65, 66
67, 119,69, 67, 120,69, 67, 119,69
67, 119,69, 67, 118,69, 67, 119,69
70, 71, 72, 70, 71, 72, 70, 71, 72

2, 10014, 9963, Castle first inside
82, 82, 58, 58, 82, 82, 82, 82, 82
58, 58, 58, 83, 58, 58, 83, 82, 60
119, 82, 58, 58, 98, 58, 58, 58, 119
60, 83, 58, 58, 98, 99, 83, 58, 60
119, 58, 58, 97, 98, 99, 58, 82, 119
60, 58, 58, 100,101,102,58, 83, 60
17, 17, 17, 16, 16, 16, 17, 17, 17
17, 17, 17, 17, 17, 17, 17, 17, 17
17, 17, 17, 17, 17, 17, 17, 17, 17

2, 10014, 9962, Castle maze
82, 82, 83, 82, 82, 82, 82, 82, 82
82, 58, 58, 83, 82, 58, 58, 58, 82
83, 83, 58, 58, 83, 58, 58, 83, 83
82, 58, 58, 58, 82, 58, 83, 58, 82
82, 82, 83, 82, 82, 82, 82, 82, 82
82, 83, 58, 58, 82, 58, 83, 58, 82
83, 58, 58, 58, 83, 58, 58, 83, 83
82, 58, 83, 58, 82, 58, 58, 58, 82
82, 82, 83, 82, 82, 82, 82, 82, 82

2, 10015, 9962, Castle maze
82, 82, 83, 82, 82, 82, 82, 82, 82
82, 58, 58, 83, 82, 58, 58, 58, 82
83, 83, 58, 58, 82, 58, 87, 83, 82
82, 58, 58, 58, 82, 58, 83, 58, 82
82, 82, 82, 82, 82, 82, 83, 82, 82
82, 83, 58, 58, 82, 58, 83, 58, 82
83, 58, 58, 58, 83, 58, 58, 83, 82
82, 58, 83, 58, 82, 58, 58, 58, 82
82, 82, 82, 82, 82, 82, 82, 82, 82

2, 10014, 9961, Castle maze
82, 82, 82, 82, 82, 82, 82, 82, 82
82, 58, 58, 83, 82, 58, 58, 58, 82
82, 83, 58, 58, 83, 58, 58, 83, 83
82, 58, 58, 58, 82, 58, 83, 58, 82
82, 82, 83, 82, 82, 82, 83, 82, 82
82, 83, 58, 58, 82, 58, 83, 58, 82
82, 58, 58, 58, 82, 58, 58, 83, 82
82, 58, 83, 58, 82, 58, 58, 58, 82
82, 82, 83, 82, 82, 82, 82, 82, 82

2, 10015, 9961, Castle maze
82, 82, 82, 82, 82, 82, 83, 82, 82
82, 58, 58, 83, 82, 58, 58, 58, 82
83, 83, 58, 58, 82, 58, 58, 83, 82
82, 58, 58, 58, 82, 58, 83, 58, 82
82, 82, 82, 82, 82, 82, 83, 82, 82
82, 83, 58, 58, 82, 58, 83, 58, 82
82, 58, 58, 58, 83, 58, 58, 83, 82
82, 58, 83, 58, 82, 58, 58, 58, 82
82, 82, 83, 82, 82, 82, 82, 82, 82

2, 10013, 9962, Castle maze
82, 82, 83, 82, 82, 82, 82, 82, 82
82, 58, 58, 83, 82, 58, 58, 58, 82
82, 83, 58, 58, 82, 58, 58, 83, 83
82, 58, 58, 58, 82, 58, 83, 58, 82
82, 82, 83, 82, 82, 82, 82, 82, 82
82, 83, 58, 58, 82, 58, 83, 58, 82
82, 58, 58, 58, 83, 58, 58, 83, 83
82, 58, 83, 58, 82, 58, 58, 58, 82
82, 82, 82, 82, 82, 82, 82, 82, 82

2, 10013, 9961, Castle maze
82, 82, 82, 82, 82, 82, 83, 82, 82
82, 58, 58, 83, 82, 58, 58, 58, 82
83, 83, 58, 58, 83, 58, 58, 83, 82
82, 58, 58, 58, 82, 58, 83, 58, 82
82, 82, 82, 82, 82, 82, 82, 82, 82
82, 83, 58, 58, 82, 58, 83, 58, 82
82, 58, 58, 58, 83, 58, 58, 83, 82
82, 58, 83, 58, 82, 58, 58, 58, 82
82, 82, 83, 82, 82, 82, 82, 82, 82


2, 10015, 9960, Castle maze
82, 82, 82, 82, 82, 82, 82, 82, 82
82, 58, 58, 83, 82, 58, 58, 58, 82
83, 83, 58, 58, 82, 58, 58, 83, 82
82, 58, 58, 58, 82, 58, 83, 58, 82
82, 82, 82, 82, 82, 82, 83, 82, 82
82, 83, 58, 58, 82, 58, 83, 58, 82
83, 58, 58, 58, 83, 58, 58, 83, 82
82, 58, 83, 58, 82, 58, 58, 58, 82
82, 82, 82, 82, 82, 82, 83, 82, 82

2, 10014, 9960, Castle maze
82, 82, 82, 82, 82, 82, 82, 82, 82
82, 58, 58, 83, 82, 58, 58, 58, 82
83, 83, 58, 58, 83, 58, 58, 83, 83
82, 58, 58, 58, 82, 58, 83, 58, 82
82, 82, 83, 82, 82, 82, 82, 82, 82
82, 83, 58, 58, 82, 58, 83, 58, 82
82, 58, 58, 58, 83, 58, 58, 83, 83
82, 58, 83, 58, 82, 58, 58, 58, 82
82, 82, 82, 82, 82, 82, 82, 82, 82

2, 10013, 9960, Castle maze
82, 82, 82, 82, 82, 82, 82, 82, 82
82, 58, 58, 83, 82, 58, 58, 58, 82
82, 83, 58, 58, 82, 58, 58, 83, 83
82, 58, 58, 58, 82, 58, 83, 58, 82
82, 82, 83, 82, 82, 82, 83, 82, 82
82, 83, 58, 58, 82, 58, 83, 58, 82
82, 58, 58, 58, 83, 58, 58, 83, 82
82, 58, 83, 58, 82, 58, 58, 58, 82
82, 82, 82, 82, 82, 82, 83, 82, 82

2, 10013, 9959, Castle maze top 
2, 10014, 9959
2, 10015, 9959
17, 17, 17, 17, 17, 17, 17, 17, 17
17, 17, 17, 17, 17, 17, 17, 17, 17
17, 17, 17, 17, 17, 17, 17, 17, 17
17, 17, 17, 17, 17, 17, 17, 17, 17
17, 17, 17, 17, 17, 17, 17, 17, 17
17, 17, 17, 17, 17, 17, 17, 17, 17
17, 17, 17, 17, 17, 17, 17, 17, 17
17, 17, 17, 17, 17, 17, 17, 17, 17
60, 60, 60, 60, 60, 60, 60, 60, 60

2, 10012, 9961, Castle maze finished
2, 10011, 9961
60, 60, 93, 60, 60, 93, 60, 60, 93
58, 83, 92, 58, 58, 92, 58, 58, 92
83, 94, 95, 95, 95, 95, 95, 96, 58
58, 97, 98, 98, 98, 98, 98, 99, 83
58, 100,101,101,101,101,101,102,58
58, 58, 58, 83, 58, 58, 83, 58, 83
17, 17, 17, 17, 17, 17, 17, 17, 17
17, 17, 17, 17, 17, 17, 17, 17, 17
17, 17, 17, 17, 17, 17, 17, 17, 17

2, 10010, 9961, Healing before fight
17, 17, 17, 58, 58, 58, 17, 17, 17
17, 17, 93, 58, 58, 58, 93, 60, 60
17, 17, 92, 57, 90, 57, 92, 58, 58
17, 17, 58, 90, 91, 90, 58, 58, 83
17, 17, 58, 57, 90, 57, 58, 58, 58
17, 17, 17, 17, 17, 17, 17, 17, 17
17, 17, 17, 17, 17, 17, 17, 17, 17
17, 17, 17, 17, 17, 17, 17, 17, 17
17, 17, 17, 17, 17, 17, 17, 17, 17

2, 10013, 9963, Lava 
2, 10015, 9963
82, 82, 82, 82, 82, 82, 82, 82, 82
82, 82, 82, 82, 82, 82, 82, 82, 82
82, 82, 82, 82, 82, 82, 82, 82, 82
82, 82, 82, 82, 82, 82, 82, 82, 82
82, 82, 82, 82, 82, 82, 82, 82, 82
82, 82, 82, 82, 82, 82, 82, 82, 82
17, 17, 17, 17, 17, 17, 17, 17, 17
17, 17, 17, 17, 17, 17, 17, 17, 17 
17, 17, 17, 17, 17, 17, 17, 17, 17 


2, 10010, 9960, path to finale 
17, 17, 17, 58, 58, 58, 17, 17, 17
17, 17, 17, 58, 58, 58, 17, 17, 17
17, 17, 93, 58, 58, 58, 93, 17, 17
17, 17, 92, 58, 58, 58, 92, 17, 17
17, 17, 17, 58, 58, 58, 17, 17, 17
17, 17, 17, 58, 58, 58, 17, 17, 17
17, 17, 93, 58, 58, 58, 93, 17, 17
17, 17, 92, 58, 58, 58, 92, 17, 17
17, 17, 17, 58, 58, 58, 17, 17, 17

2, 10010, 9959, finale fight
93, 119,119,93, 119,93, 119,119,93
92, 82, 82, 92, 82, 92, 82, 82, 92
83, 58, 58, 58, 58, 58, 58, 58, 83
83, 58, 94, 95, 95, 95, 96, 58, 83
83, 58, 97, 98, 98, 98, 99, 58, 83
83, 58, 97, 98, 98, 98, 99, 58, 83
83, 58, 97, 98, 98, 98, 99, 58, 83
83, 58, 100,101,101,101,102,58, 83
82, 58, 58, 58, 58, 58, 58, 58, 82


0, 10001, 9980
0, 10003, 9980
0, 10001, 9977
0, 10003, 9977
130, 130, 130, 130, 130, 130, 130, 130, 130
55, 56, 55, 56, 128, 56, 55, 56, 55
56, 55, 56, 55, 128, 55, 56, 55, 56
35, 35, 35, 35, 127, 35, 35, 35, 35
55, 56, 55, 56, 128, 56, 55, 56, 55
56, 55, 56, 55, 128, 55, 56, 55, 56
129, 129, 129, 129, 129, 129, 129, 129, 129
1,  1,  1,  1,  1,  1,  1,  1,  1
63, 2,  2,  2,  2,  2,  2,  2,  2

0, 10000, 9980
0, 10004, 9980
0, 10000, 9977
0, 10004, 9977
133,133,133,133,133,133,133,133,133
24, 24, 24, 24, 24, 24, 24, 24, 24
24, 24, 24, 24, 24, 24, 24, 24, 24
35, 35, 35, 35, 35, 35, 35, 35, 35
24, 24, 24, 24, 24, 24, 24, 24, 24
24, 24, 24, 24, 24, 24, 24, 24, 24
134,134,134,134,134,134,134,134,134
24, 24, 24, 24, 24, 24, 24, 24, 24
24, 24, 24, 24, 24, 24, 24, 24, 24

0, 10002, 9980
0, 10002, 9977
130,130,130,130,131,130,130,130,130
1,  1,  1,  1,  2,  1,  1,  1,  1
1,  1,  1,  1,  2,  1,  1,  1,  1
35, 35, 35, 36, 2,  34, 35, 35, 35
1,  1,  1,  1,  2,  1,  1,  1,  1
1,  1,  1,  1,  2,  1,  1,  1,  1
129,129,129,129,132,129,129,129,129
1,  1,  1,  1,  2,  1,  1,  1,  1
63, 2,  2,  2,  2,  2,  2,  2,  2


